1.0 -1.0 -1.0 1.0 -1.0 1.0 -1.0 -1.0 1.0 -1.0 -1.0 -1.0 
1.0 1.0 -1.0 -1.0 1.0 -1.0 -1.0 1.0 1.0 1.0 1.0 1.0 
-1.0 -1.0 1.0 -1.0 1.0 1.0 -1.0 1.0 -1.0 -1.0 -1.0 -1.0 
1.0 -1.0 -1.0 1.0 1.0 -1.0 1.0 1.0 1.0 1.0 -1.0 1.0 
1.0 1.0 -1.0 1.0 -1.0 -1.0 -1.0 -1.0 -1.0 -1.0 1.0 -1.0 
1.0 -1.0 1.0 1.0 1.0 1.0 -1.0 1.0 1.0 -1.0 -1.0 1.0 
NORMALS
0.57735026 -0.57735026 -0.57735026 0.57735026 -0.57735026 0.57735026 -0.57735026 -0.57735026 0.57735026 -0.57735026 -0.57735026 -0.57735026 
0.57735026 0.57735026 -0.57735026 -0.57735026 0.57735026 -0.57735026 -0.57735026 0.57735026 0.57735026 0.57735026 0.57735026 0.57735026 
-0.57735026 -0.57735026 0.57735026 -0.57735026 0.57735026 0.57735026 -0.57735026 0.57735026 -0.57735026 -0.57735026 -0.57735026 -0.57735026 
0.57735026 -0.57735026 -0.57735026 0.57735026 0.57735026 -0.57735026 0.57735026 0.57735026 0.57735026 0.57735026 -0.57735026 0.57735026 
0.57735026 0.57735026 -0.57735026 0.57735026 -0.57735026 -0.57735026 -0.57735026 -0.57735026 -0.57735026 -0.57735026 0.57735026 -0.57735026 
0.57735026 -0.57735026 0.57735026 0.57735026 0.57735026 0.57735026 -0.57735026 0.57735026 0.57735026 -0.57735026 -0.57735026 0.57735026 
